787
281
683
886
587
141
261
506
21
73
283
454
18
920
632
888
910
242
46
88
837
922
849
470
100
414
187
778
626
628
651
34
738
555
659
64
276
266
452
942
236
169
621
204
897
820
994
134
636
341
239
594
191
130
241
358
456
718
977
66
15
811
296
561
946
650
295
983
917
120
91
53
340
231
758
404
819
423
229
105
635
172
970
963
884
557
781
974
640
223
353
411
638
575
995
607
158
286
931
536
248
831
516
350
249
757
691
550
177
366
154
438
532
483
476
646
26
462
949
271
180
658
282
801
526
545
534
11
936
245
623
442
233
647
783
535
711
280
540
405
919
119
785
941
993
665
468
923
337
613
77
762
702
298
710
850
527
612
193
307
501
771
359
584
496
124
264
960
789
996
742
304
858
915
490
593
914
16
793
457
397
299
669
745
578
719
971
131
420
885
982
200
278
243
656
624
766
729
149
750
441
622
458
731
721
331
828
369
263
348
428
827
151
143
856
38
117
930
174
687
945
832
83
572
932
290
921
255
246
909
368
326
950
703
926
12
103
792
267
489
422
699
830
412
680
663
972
581
510
717
238
529
162
538
797
27
250
37
517
293
265
345
846
654
171
129
407
287
466
6
471
570
600
620
29
289
834
379
460
497
925
455
957
985
799
988
688
360
478
818
500
648
378
1000
999
732
848
743
72
380
937
708
102
279
352
275
564
84
788
872
443
182
979
364
986
485
967
693
167
317
855
448
821
591
382
199
740
482
297
733
475
56
110
559
716
882
759
81
33
649
205
361
493
666
50
268
681
825
672
616
673
375
123
737
363
93
905
614
774
277
217
567
664
221
135
186
159
741
370
571
505
682
235
704
944
377
351
756
5
642
385
430
330
59
746
661
780
79
94
157
509
372
432
670
465
969
402
292
220
684
431
398
990
929
343
504
674
573
902
315
51
795
520
188
852
161
601
547
461
208
782
803
816
212
436
912
633
206
874
726
75
597
677
542
499
599
619
815
554
843
760
61
900
978
179
689
901
25
336
396
998
592
824
769
713
14
854
62
556
889
114
284
585
690
349
838
678
751
403
163
219
887
288
391
211
546
118
214
481
190
502
424
800
552
31
951
165
823
539
272
185
87
434
166
488
723
984
808
574
306
676
418
332
291
262
484
565
822
947
916
524
320
667
752
975
389
111
58
13
147
210
346
968
813
54
652
959
152
776
730
413
30
898
810
453
386
387
668
302
323
399
132
469
60
312
144
362
839
207
97
686
421
224
908
492
862
116
108
192
940
695
7
763
409
938
576
755
796
486
533
247
400
464
840
522
784
634
127
876
639
860
580
606
548
736
805
764
218
164
294
215
285
625
92
845
65
109
507
997
643
316
463
644
194
426
595
775
67
609
598
739
715
965
48
225
142
226
23
383
69
727
301
17
273
720
877
655
543
230
113
544
419
354
530
844
835
1
867
560
71
495
90
20
325
804
99
168
150
608
705
335
367
566
32
631
724
583
303
588
515
184
523
899
270
322
160
328
115
893
314
869
498
156
70
474
863
662
568
807
817
175
95
777
146
956
222
892
138
425
394
579
82
57
770
63
133
537
344
437
714
244
814
503
761
924
722
514
859
883
106
253
209
433
586
734
440
342
35
790
198
698
692
987
107
851
85
183
74
155
615
121
80
410
459
480
42
96
749
809
196
735
309
334
329
416
45
357
258
327
857
890
611
300
153
657
962
252
68
590
44
324
2
629
10
700
439
508
305
308
707
906
596
467
772
645
8
101
973
78
451
577
602
427
19
786
269
802
4
371
512
671
603
753
347
948
254
321
89
873
318
961
128
604
202
725
569
696
395
518
3
964
494
881
989
610
216
356
685
551
311
709
9
630
868
76
841
234
384
406
694
894
125
126
259
36
473
953
140
513
895
491
653
339
355
865
408
966
903
842
237
525
928
911
875
589
981
43
913
232
660
904
812
747
531
853
256
826
401
511
41
836
148
541
833
40
563
201
136
417
939
274
260
980
582
679
39
927
104
373
392
773
444
228
871
528
519
257
829
880
145
768
173
251
798
943
86
891
952
49
435
992
549
744
870
393
52
376
203
806
765
754
991
641
445
449
447
176
338
794
487
319
189
181
137
954
637
178
879
122
933
767
24
618
112
864
558
98
415
701
918
477
365
139
381
195
390
935
728
22
791
627
429
553
675
958
227
213
847
450
878
896
562
748
472
861
706
907
955
712
388
976
240
605
374
617
170
313
28
934
866
779
446
697
479
55
197
333
521
310
47